import numpy as np
import os

def generate_camera_mat():
    return np.array([
        [149.84375, 0.0, 68.5],
        [0.0, 149.84375, 68.5],
        [0.0, 0.0, 1.0]
    ])

def generate_world_mat(index, random_pick):
    if random_pick == 1:
        if index == 0:
            return np.array([
    [-5.32423683e-01, 3.84727203e-08, -8.46478010e-01, -2.20298319e-15],
    [ 4.01814331e-01, -8.80153247e-01, -2.52736040e-01,  5.03983751e-08],
    [-7.45030379e-01, -4.74689649e-01,  4.68614418e-01,  1.15298043e+00]])
        elif index == 1:
            return np.array([[ 9.89744882e-01,  3.89518816e-08, -1.42846309e-01, -2.82228761e-15],
    [ 6.48204312e-02, -8.91115179e-01,  4.49123647e-01,  6.45664074e-08],
    [-1.27292497e-01, -4.53777191e-01, -8.81976690e-01,  1.47710722e+00]])
        
        elif index == 2:
            return np.array([[ 9.99018750e-01,  3.91366331e-08,  4.42892519e-02, -3.12219231e-15],
    [-1.97254978e-02, -8.95341801e-01,  4.44942652e-01,  7.14274263e-08],
    [ 3.96540360e-02, -4.45379679e-01, -8.94463246e-01,  1.63406904e+00]])
        
        elif index == 3:
            return np.array([[ 5.76878624e-01,  3.96038264e-08,  8.16829880e-01, -2.60394137e-15],
    [-3.45693493e-01, -9.06029938e-01,  2.44142909e-01,  5.95712281e-08],
    [ 7.40072335e-01, -4.23213600e-01, -5.22669291e-01,  1.36283084e+00]])
        
        elif index == 4:
            return np.array([[ 1.46499292e-01,  3.95764906e-08,  9.89210775e-01, -2.38576255e-15],
    [-4.19969275e-01, -9.05404567e-01,  6.21962872e-02,  5.45798791e-08],
    [ 8.95635956e-01, -4.24549844e-01, -1.32641112e-01,  1.24864209e+00]])
        
        elif index == 5:
            return np.array([[ 8.77719552e-01,  3.81806423e-08,  4.79174694e-01, -2.24559010e-15],
    [-2.33298473e-01, -8.73471280e-01,  4.27340316e-01,  5.13731076e-08],
    [ 4.18545350e-01, -4.86875675e-01, -7.66662812e-01,  1.17527971e+00]])
        
        elif index == 6:
            return np.array([[-9.61709125e-02,  3.84249977e-08,  9.95364835e-01, -2.20100727e-15],
    [-4.74498798e-01, -8.79061480e-01, -4.58454498e-02,  5.03531713e-08],
    [ 8.74986884e-01, -4.76708417e-01,  8.45401629e-02,  1.15194628e+00]])
        
        elif index == 7:
            return np.array([[-5.08634738e-01,  3.83163049e-08,  8.60982406e-01, -2.49231262e-15],
    [-4.14361146e-01, -8.76574879e-01, -2.44788323e-01,  5.70174603e-08],
    [ 7.54715539e-01, -4.81265501e-01,  4.45856450e-01,  1.30440744e+00]])
        
        elif index == 8:
            return np.array([[-5.74643213e-01,  3.84372315e-08,  8.18404043e-01, -2.93507778e-15],
    [-3.89717439e-01, -8.79341358e-01, -2.73640446e-01,  6.71467454e-08],
    [ 7.19656512e-01, -4.76191953e-01,  5.05307559e-01,  1.53613848e+00]])
        
        elif index == 9:
            return np.array([[-8.59003582e-02,  3.89504256e-08, -9.96303733e-01, -2.64939970e-15],
    [ 4.52165067e-01, -8.91081871e-01, -3.89852759e-02,  6.06111935e-08],
    [-8.87788196e-01, -4.53842594e-01,  7.65442342e-02,  1.38662248e+00]])
        
        elif index == 10:
            return np.array([[-7.36084209e-01,  3.94401207e-08,  6.76889974e-01, -2.69075182e-15],
    [-2.91834734e-01, -9.02284787e-01, -3.17355718e-01,  6.15572195e-08],
    [ 6.10747514e-01, -4.31140538e-01,  6.64157595e-01,  1.40826503e+00]])
        
        elif index == 11:
            return np.array([[ 7.52786783e-01,  3.79237027e-08,  6.58264430e-01, -3.07950959e-15],
    [-3.27338178e-01, -8.67593188e-01,  3.74341792e-01,  7.04509596e-08],
    [ 5.71105750e-01, -4.97274632e-01, -6.53112672e-01,  1.61173009e+00]])
        
        elif index == 12:
            return np.array([[ 5.97693194e-01,  3.79701796e-08, -8.01724919e-01, -3.13907779e-15],
    [ 3.97186523e-01, -8.68656455e-01,  2.96106112e-01,  7.18137210e-08],
    [-6.96423515e-01, -4.95414941e-01, -5.19190066e-01,  1.64290643e+00]])
        
        elif index == 13:
            return np.array([[ 1.60087499e-01,  3.84110141e-08, -9.87102828e-01, -2.72900415e-15],
    [ 4.71142072e-01, -8.78741574e-01,  7.64093874e-02,  6.24323307e-08],
    [-8.67408289e-01, -4.77297859e-01, -1.40675559e-01,  1.42828524e+00]])
        
        elif index == 14:
            return np.array([[-9.65951526e-01,  3.86550926e-08, -2.58723113e-01, -2.40975815e-15],
    [ 1.20790282e-01, -8.84325438e-01, -4.50974752e-01,  5.51288343e-08],
    [-2.28795448e-01, -4.66870988e-01,  8.54215502e-01,  1.26120072e+00]])
        
        elif index == 15:
            return np.array([[-2.34664506e-01,  3.81952768e-08, -9.72076422e-01, -2.49917783e-15],
    [ 4.72696015e-01, -8.73806079e-01, -1.14111409e-01,  5.71745179e-08],
    [-8.49406291e-01, -4.86274548e-01,  2.05051254e-01,  1.30800050e+00]])
        
        elif index == 16:
            return np.array([[-1.95030789e-01,  3.87891896e-08,  9.80797120e-01, -3.10330846e-15],
    [-4.52160536e-01, -8.87393219e-01, -8.99117565e-02,  7.09954142e-08],
    [ 8.70352710e-01, -4.61013313e-01,  1.73069017e-01,  1.62418576e+00]])
        
        elif index == 17:
            return np.array([[-5.42998373e-01,  3.81590391e-08,  8.39733747e-01, -3.11933194e-15],
    [-4.09589618e-01, -8.72977057e-01, -2.64853549e-01,  7.13619886e-08],
    [ 7.33068286e-01, -4.87761271e-01,  4.74025138e-01,  1.63257200e+00]])
        
        elif index == 18:
            return np.array([[-4.18536175e-01,  3.86845680e-08,  9.08200127e-01, -2.95400154e-15],
    [-4.22850261e-01, -8.84999756e-01, -1.94866849e-01,  6.75796705e-08],
    [ 8.03756883e-01, -4.65591486e-01,  3.70404429e-01,  1.54604265e+00]])
        
        elif index == 19:
            return np.array([[-2.31205971e-01,  3.88315457e-08, -9.72904825e-01, -2.61001302e-15],
    [ 4.46702731e-01, -8.88362214e-01, -1.06156708e-01,  5.97101311e-08],
    [-8.64291889e-01, -4.59143307e-01,  2.05394631e-01,  1.36600857e+00]])
        
        elif index == 20:
            return np.array([[ 6.19461164e-01,  3.86880553e-08, -7.85027303e-01, -3.10568465e-15],
    [ 3.65382976e-01, -8.85079538e-01,  2.88321856e-01,  7.10497752e-08],
    [-6.94811592e-01, -4.65439804e-01, -5.48272415e-01,  1.62542939e+00]])
        
        elif index == 21:
            return np.array([[-9.52610220e-01,  3.88778139e-08, -3.04193637e-01, -2.97861562e-15],
    [ 1.39043682e-01, -8.89420708e-01, -4.35428133e-01,  6.81427748e-08],
    [-2.70556137e-01, -4.57089493e-01,  8.47271251e-01,  1.55892497e+00]])
        
        elif index == 22:
            return np.array([[-9.90254225e-01,  3.90479980e-08,  1.39271566e-01, -3.12376598e-15],
    [-6.25932655e-02, -8.93314066e-01, -4.45052876e-01,  7.14634276e-08],
    [ 1.24413231e-01, -4.49432953e-01,  8.84608031e-01,  1.63489265e+00]])
        
        else:
            return np.array([[ 4.12718428e-01,  3.86731124e-08, -9.10858660e-01, -2.81995978e-15],
    [ 4.24541487e-01, -8.84737683e-01,  1.92363611e-01,  6.45131526e-08],
    [-8.05870973e-01, -4.66089297e-01, -3.65147562e-01,  1.47588890e+00]])
    if random_pick == 2:
        if index == 0:
            return np.array([
                [ 7.83000947e-01,  3.95469988e-08,  6.22020512e-01, -2.91046095e-15],
                [-2.64971844e-01, -9.04729873e-01,  3.33547265e-01,  6.65835780e-08],
                [ 5.62760552e-01, -4.25985747e-01, -7.08404337e-01,  1.52325471e+00]
            ])
        elif index == 1:
            return np.array([
                [ 9.49337657e-01,  3.79153705e-08, -3.14257878e-01, -2.97607845e-15],
                [ 1.56376968e-01, -8.67402570e-01,  4.72397105e-01,  6.80847311e-08],
                [-2.72588073e-01, -4.97607055e-01, -8.23457929e-01,  1.55759709e+00]
            ])
        elif index == 2:
            return np.array([
                [-9.97957405e-01,  3.87051705e-08,  6.38828421e-02, -3.17248944e-15],
                [-2.96860380e-02, -8.85471086e-01, -4.63745291e-01,  7.25780903e-08],
                [ 5.65663916e-02, -4.64694476e-01,  8.83662428e-01,  1.66039316e+00]
            ])
        elif index == 3:
            return np.array([
                [-7.41818211e-01,  3.87991380e-08, -6.70601030e-01, -2.98069496e-15],
                [ 3.08862017e-01, -8.87620812e-01, -3.41662916e-01,  6.81903447e-08],
                [-5.95239444e-01, -4.60574960e-01,  6.58453271e-01,  1.56001324e+00]
            ])
        elif index == 4:
            return np.array([
                [-3.07908710e-01,  3.93692766e-08,  9.51415906e-01, -2.82650468e-15],
                [-4.13405544e-01, -9.00664063e-01, -1.33791259e-01,  6.46628825e-08],
                [ 8.56906111e-01, -4.34516104e-01,  2.77322326e-01,  1.47931432e+00]
            ])
        elif index == 5:
            return np.array([
                [ 9.86530493e-01,  3.88574686e-08,  1.63577464e-01, -2.65024818e-15],
                [-7.49174703e-02, -8.88955261e-01,  4.51825095e-01,  6.06306043e-08],
                [ 1.45413065e-01, -4.57994043e-01, -8.76981469e-01,  1.38706654e+00]
            ])
        elif index == 6:
            return np.array([
                [-8.01919793e-02,  3.96132996e-08,  9.96779437e-01, -2.97521197e-15],
                [-4.21387840e-01, -9.06246658e-01, -3.39010696e-02,  6.80649084e-08],
                [ 9.03328033e-01, -4.22749328e-01,  7.26737300e-02,  1.55714360e+00]
            ])
        elif index == 7:
            return np.array([
                [ 9.88774683e-01,  3.81637358e-08,  1.49414278e-01, -2.98085287e-15],
                [-7.28497244e-02, -8.73084505e-01,  4.82095805e-01,  6.81939573e-08],
                [ 1.30451309e-01, -4.87568916e-01, -8.63283852e-01,  1.56009589e+00]
            ])
        elif index == 8:
            return np.array([
                [-9.01170303e-01,  3.85341443e-08, -4.33465206e-01, -2.63480172e-15],
                [ 2.04627997e-01, -8.81558463e-01, -4.25419862e-01,  6.02772305e-08],
                [-3.82124937e-01, -4.72074862e-01,  7.94434300e-01,  1.37898229e+00]
            ])
        elif index == 9:
            return np.array([
                [ 1.06661690e-01,  3.93989232e-08, -9.94295371e-01, -2.76084341e-15],
                [ 4.30636732e-01, -9.01342299e-01,  4.61959369e-02,  6.31607280e-08],
                [-8.96200474e-01, -4.33107446e-01, -9.61387101e-02,  1.44494903e+00]
            ])
        elif index == 10:
            return np.array([
                [ 9.96632128e-01,  3.82856997e-08,  8.20024534e-02, -3.08706109e-15],
                [-3.95693144e-02, -8.75874714e-01,  4.80913459e-01,  7.06237178e-08],
                [ 7.18238938e-02, -4.82538584e-01, -8.72924878e-01,  1.61568233e+00]
            ])
        elif index == 11:
            return np.array([
                [ 8.38743210e-01,  3.87935823e-08,  5.44527159e-01, -2.89590660e-15],
                [-2.50928880e-01, -8.87493713e-01,  3.86509516e-01,  6.62506132e-08],
                [ 4.83264446e-01, -4.60819823e-01, -7.44379316e-01,  1.51563736e+00]
            ])
        elif index == 12:
            return np.array([
                [-5.86645669e-01,  3.91318488e-08, -8.09843725e-01, -3.11261586e-15],
                [ 3.60866054e-01, -8.95232349e-01, -2.61409129e-01,  7.12083427e-08],
                [-7.24998311e-01, -4.45599642e-01,  5.25184166e-01,  1.62905699e+00]
            ])
        elif index == 13:
            return np.array([
                [-6.10046006e-01,  3.94919269e-08,  7.92365995e-01, -2.40249982e-15],
                [-3.39648798e-01, -9.03469975e-01, -2.61497033e-01,  5.49627832e-08],
                [ 7.15878876e-01, -4.28651378e-01,  5.51158263e-01,  1.25740191e+00]
            ])
        elif index == 14:
            return np.array([
                [-3.23913979e-01,  3.91060580e-08,  9.46086536e-01, -2.44627132e-15],
                [-4.22695459e-01, -8.94642324e-01, -1.44719249e-01,  5.59641582e-08],
                [ 8.46409052e-01, -4.46783071e-01,  2.89787171e-01,  1.28031070e+00]
            ])
        elif index == 15:
            return np.array([
                [-9.99993068e-01,  3.92609561e-08,  3.72348426e-03, -2.33443128e-15],
                [-1.63693733e-03, -8.98185979e-01, -4.39612633e-01,  5.34055566e-08],
                [ 3.34436410e-03, -4.39615680e-01,  8.98179753e-01,  1.22177672e+00]
            ])
        elif index == 16:
            return np.array([
                [ 7.05239605e-01,  3.81139166e-08,  7.08969040e-01, -2.75493809e-15],
                [-3.47114223e-01, -8.71944775e-01,  3.45288323e-01,  6.30256300e-08],
                [ 6.18181863e-01, -4.89604238e-01, -6.14929975e-01,  1.44185835e+00]
            ])
        elif index == 17:
            return np.array([
                [-1.60846833e-01,  3.95171543e-08, -9.86979380e-01, -3.07670758e-15],
                [ 4.21867380e-01, -9.04047111e-01, -6.87512518e-02,  7.03868572e-08],
                [-8.92275860e-01, -4.27432826e-01,  1.45413098e-01,  1.61026359e+00]
            ])
        elif index == 18:
            return np.array([
                [ 9.81438128e-01,  3.86782882e-08,  1.91779041e-01, -3.16827451e-15],
                [-8.93430060e-02, -8.84856092e-01,  4.57217151e-01,  7.24816640e-08],
                [ 1.69696871e-01, -4.65864461e-01, -8.68431504e-01,  1.65818719e+00]
            ])
        elif index == 19:
            return np.array([
                [-2.19977096e-01,  3.85238297e-08, -9.75505037e-01, -2.76397530e-15],
                [ 4.60941001e-01, -8.81322493e-01, -1.03942566e-01,  6.32323772e-08],
                [-8.59734535e-01, -4.72515252e-01,  1.93870745e-01,  1.44658817e+00]
            ])
        elif index == 20:
            return np.array([
                [ 6.84637527e-01,  3.94436367e-08, -7.28883705e-01, -2.98598548e-15],
                [ 3.14128609e-01, -9.02365224e-01,  2.95059688e-01,  6.83113775e-08],
                [-6.57719296e-01, -4.30972160e-01, -6.17793108e-01,  1.56278215e+00]
            ])
        elif index == 21:
            return np.array([
                [-9.97977627e-01,  3.91718017e-08, -6.35661531e-02, -3.06905020e-15],
                [ 2.82079919e-02, -8.96146365e-01, -4.42861154e-01,  7.02116767e-08],
                [-5.69645944e-02, -4.43758597e-01,  8.94334022e-01,  1.60625593e+00]
            ])
        elif index == 22:
            return np.array([
                [-9.13043303e-01,  3.82506826e-08,  4.07862633e-01, -2.38598283e-15],
                [-1.97401402e-01, -8.75073616e-01, -4.41903670e-01,  5.45849186e-08],
                [ 3.56909812e-01, -4.83989842e-01,  7.98980112e-01,  1.24875738e+00]
            ])
        elif index == 23:
            return np.array([
                [ 8.32663021e-01,  3.82953571e-08,  5.53780005e-01, -2.67972735e-15],
                [-2.66997991e-01, -8.76095649e-01,  4.01457952e-01,  6.13050090e-08],
                [ 4.85164268e-01, -4.82137340e-01, -7.29492439e-01,  1.40249513e+00]
            ])
    if random_pick == 3:
        if index == 0:
            return np.array([
                [ 3.75108209e-01,  3.93113068e-08,  9.26981031e-01, -2.42645078e-15],
                [-4.05326508e-01, -8.99337869e-01,  1.64017742e-01,  5.55107173e-08],
                [ 8.33669151e-01, -4.37254386e-01, -3.37349001e-01,  1.26993718e+00]
            ])
        elif index == 1:
            return np.array([
                [-9.56790321e-01,  3.78867633e-08,  2.90778752e-01, -2.41382048e-15],
                [-1.45024811e-01, -8.66748112e-01, -4.77195468e-01,  5.52217697e-08],
                [ 2.52031916e-01, -4.98746138e-01,  8.29296209e-01,  1.26332683e+00]
            ])
        elif index == 2:
            return np.array([
                [-9.84057016e-01,  3.89868353e-08, -1.77853282e-01, -3.06419395e-15],
                [ 8.04258302e-02, -8.91914826e-01, -4.44993965e-01,  7.01005787e-08],
                [-1.58629997e-01, -4.52203431e-01,  8.77695039e-01,  1.60371430e+00]
            ])
        elif index == 3:
            return np.array([
                [ 1.62057062e-01,  3.94548376e-08,  9.86781388e-01, -2.24433195e-15],
                [-4.24745460e-01, -9.02621471e-01,  6.97551027e-02,  5.13443244e-08],
                [ 8.90690071e-01, -4.30435222e-01, -1.46276167e-01,  1.17462122e+00]
            ])
        elif index == 4:
            return np.array([
                [ 9.15343341e-01,  3.90027197e-08,  4.02674271e-01, -2.99299293e-15],
                [-1.81801751e-01, -8.92278219e-01,  4.13264688e-01,  6.84716892e-08],
                [ 3.59297498e-01, -4.51485968e-01, -8.16740919e-01,  1.56644966e+00]
            ])
        elif index == 5:
            return np.array([
                [ 5.97543786e-01,  3.96124538e-08, -8.01836282e-01, -2.90762008e-15],
                [ 3.39009030e-01, -9.06227308e-01,  2.52635990e-01,  6.65185865e-08],
                [-7.26645926e-01, -4.22790806e-01, -5.41510510e-01,  1.52176788e+00]
            ])
        elif index == 6:
            return np.array([
                [-2.10144741e-01,  3.83803609e-08, -9.77670286e-01, -3.13504029e-15],
                [ 4.67899974e-01, -8.78040309e-01, -1.00572508e-01,  7.17213538e-08],
                [-8.58433924e-01, -4.78586685e-01,  1.84515535e-01,  1.64079332e+00]
            ])
        elif index == 7:
            return np.array([
                [-6.07838750e-01,  3.91837374e-08, -7.94060485e-01, -2.43109531e-15],
                [ 3.51932945e-01, -8.96419420e-01, -2.69398264e-01,  5.56169717e-08],
                [-7.11811250e-01, -4.43206749e-01,  5.44878446e-01,  1.27236800e+00]
            ])
        elif index == 8:
            return np.array([
                [-1.19055069e-01,  3.79271895e-08, -9.92887653e-01, -2.91931800e-15],
                [ 4.93599632e-01, -8.67672956e-01, -5.91865261e-02,  6.67862036e-08],
                [-8.61501767e-01, -4.97135436e-01,  1.03300844e-01,  1.52789024e+00]
            ])
        elif index == 9:
            return np.array([
                [ 8.17491303e-01,  3.93292151e-08, -5.75940942e-01, -3.11522787e-15],
                [ 2.51346833e-01, -8.99747564e-01,  3.56761952e-01,  7.12680985e-08],
                [-5.18201446e-01, -4.36410725e-01, -7.35535819e-01,  1.63042404e+00]
            ])
        elif index == 10:
            return np.array([
                [-2.84610838e-01,  3.83707881e-08,  9.58643140e-01, -3.00552221e-15],
                [-4.59178815e-01, -8.77821309e-01, -1.36325216e-01,  6.87583259e-08],
                [ 8.41517372e-01, -4.78988255e-01,  2.49837476e-01,  1.57300714e+00]
            ])
        elif index == 11:
            return np.array([
                [ 1.14607686e-01,  3.88115283e-08, -9.93410831e-01, -2.19358922e-15],
                [ 4.56997066e-01, -8.87904271e-01,  5.27227408e-02,  5.01834661e-08],
                [-8.82053717e-01, -4.60028267e-01, -1.01760671e-01,  1.14806388e+00]
            ])
        elif index == 12:
            return np.array([
                [ 3.08457103e-01,  3.87557318e-08,  9.51238254e-01, -3.15197083e-15],
                [-4.39932159e-01, -8.86627794e-01,  1.42656409e-01,  7.21086794e-08],
                [ 8.43394280e-01, -4.62483681e-01, -2.73486624e-01,  1.64965429e+00]
            ])
        elif index == 13:
            return np.array([
                [ 8.51921648e-01,  3.85875638e-08,  5.23669272e-01, -2.61680720e-15],
                [-2.46012239e-01, -8.82780560e-01,  4.00220516e-01,  5.98655639e-08],
                [ 4.62285068e-01, -4.69785571e-01, -7.52059860e-01,  1.36956446e+00]
            ])
        elif index == 14:
            return np.array([
                [ 8.78932634e-01,  3.90489257e-08, -4.76945935e-01, -2.95429556e-15],
                [ 2.14335130e-01, -8.93335289e-01,  3.94984194e-01,  6.75863969e-08],
                [-4.26072619e-01, -4.49390767e-01, -7.85181547e-01,  1.54619653e+00]
            ])
        elif index == 15:
            return np.array([
                [ 7.71134863e-01,  3.89892514e-08,  6.36671833e-01, -2.54468283e-15],
                [-2.87835738e-01, -8.91970101e-01,  3.48625769e-01,  5.82155509e-08],
                [ 5.67892253e-01, -4.52094391e-01, -6.87829231e-01,  1.33181656e+00]
            ])
        elif index == 16:
            return np.array([
                [-6.99260721e-01,  3.90469485e-08,  7.14866732e-01, -2.65552675e-15],
                [-3.21318805e-01, -8.93290056e-01, -3.14304155e-01,  6.07513639e-08],
                [ 6.38583330e-01, -4.49480674e-01,  6.24642661e-01,  1.38982920e+00]
            ])
        elif index == 17:
            return np.array([
                [-7.42112814e-02,  3.93184595e-08,  9.97242541e-01, -2.95063419e-15],
                [-4.35712885e-01, -8.99501503e-01, -3.24241845e-02,  6.75026345e-08],
                [ 8.97021163e-01, -4.36917665e-01,  6.67531763e-02,  1.54428027e+00]
            ])
        elif index == 18:
            return np.array([
                [-9.03503935e-01,  3.93388840e-08,  4.28579794e-01, -2.70265257e-15],
                [-1.86841274e-01, -8.99968762e-01, -3.93886490e-01,  6.18294769e-08],
                [ 3.85708410e-01, -4.35954388e-01,  8.13125325e-01,  1.41449355e+00]
            ])
        elif index == 19:
            return np.array([
                [ 9.89520595e-01,  3.84277341e-08, -1.44391799e-01, -2.46451588e-15],
                [ 6.88161483e-02, -8.79124081e-01,  4.71598545e-01,  5.63815451e-08],
                [-1.26938289e-01, -4.76592961e-01, -8.69911387e-01,  1.28985940e+00]
            ])
        elif index == 20:
            return np.array([
                [-3.38590512e-01,  3.95834177e-08,  9.40933826e-01, -2.68888478e-15],
                [-3.99155164e-01, -9.05563041e-01, -1.43634028e-01,  6.15145065e-08],
                [ 8.52074891e-01, -4.24211715e-01,  3.06615070e-01,  1.40728787e+00]
            ])
        elif index == 21:
            return np.array([
                [-9.63686114e-01,  3.88973781e-08,  2.67037587e-01, -2.57216871e-15],
                [-1.21827263e-01, -8.89868284e-01, -4.39650493e-01,  5.88443544e-08],
                [ 2.37628262e-01, -4.56217533e-01,  8.57553713e-01,  1.34620191e+00]
            ])
        elif index == 22:
            return np.array([
                [ 9.67706049e-01,  3.88350169e-08, -2.52081341e-01, -2.40368363e-15],
                [ 1.15702754e-01, -8.88441626e-01,  4.44167030e-01,  5.49898655e-08],
                [-2.23959539e-01, -4.58989627e-01, -8.59750340e-01,  1.25802148e+00]
            ])
        elif index == 23:
            return np.array([
                [ 9.66946273e-01,  3.95775834e-08, -2.54980205e-01, -2.87810370e-15],
                [ 1.08238245e-01, -9.05429568e-01,  4.10465322e-01,  6.58433305e-08],
                [-2.30866600e-01, -4.24496523e-01, -8.75501750e-01,  1.50631982e+00]
            ])
    if random_pick ==4:
        if index == 0:
            return np.array([
                [-3.71791159e-01,  3.91691411e-08, -9.28316398e-01, -2.90532664e-15],
                [ 4.12062456e-01, -8.96085498e-01, -1.65031247e-01,  6.64661186e-08],
                [-8.31850868e-01, -4.43881494e-01,  3.33156649e-01,  1.52056755e+00]
            ])
        elif index == 1:
            return np.array([
                [ 2.41315869e-02,  3.86495843e-08, -9.99708791e-01, -2.96335577e-15],
                [ 4.66973576e-01, -8.84199423e-01,  1.12720618e-02,  6.77936702e-08],
                [-8.83941936e-01, -4.67109602e-01, -2.13371533e-02,  1.55093839e+00]
            ])
        elif index == 2:
            return np.array([
                [-9.93613052e-01,  3.91079765e-08, -1.12841053e-01, -2.24100124e-15],
                [ 5.04055187e-02, -8.94686215e-01, -4.43842157e-01,  5.12681266e-08],
                [-1.00957352e-01, -4.46695172e-01,  8.88971899e-01,  1.17287802e+00]
            ])
        elif index == 3:
            return np.array([
                [ 8.96730146e-01,  3.79136825e-08, -4.42577729e-01, -2.62592939e-15],
                [ 2.20259620e-01, -8.67363952e-01,  4.46279592e-01,  6.00742553e-08],
                [-3.83875951e-01, -4.97674366e-01, -7.77791412e-01,  1.37433876e+00]
            ])
        elif index == 4:
            return np.array([
                [ 8.55013689e-01,  3.83560971e-08,  5.18605429e-01, -2.45657597e-15],
                [-2.48725044e-01, -8.77485219e-01,  4.10067730e-01,  5.61999012e-08],
                [ 4.55068614e-01, -4.79603681e-01, -7.50261865e-01,  1.28570387e+00]
            ])
        elif index == 5:
            return np.array([
                [-4.90017644e-01,  3.86077112e-08,  8.71712515e-01, -3.15985838e-15],
                [-4.08762078e-01, -8.83241478e-01, -2.29778273e-01,  7.22891255e-08],
                [ 7.69932641e-01, -4.68918427e-01,  4.32803924e-01,  1.65378242e+00]
            ])
        elif index == 6:
            return np.array([
                [-7.06955451e-01,  3.84536512e-08, -7.07258079e-01, -2.60205045e-15],
                [ 3.36299523e-01, -8.79716997e-01, -3.36155673e-01,  5.95279690e-08],
                [-6.22186966e-01, -4.75497640e-01,  6.21920714e-01,  1.36184119e+00]
            ])
        elif index == 7:
            return np.array([
                [-2.03923833e-01,  3.82312408e-08, -9.78986757e-01, -2.54566274e-15],
                [ 4.74606062e-01, -8.74628839e-01, -9.88609090e-02,  5.82379686e-08],
                [-8.56250055e-01, -4.84793145e-01,  1.78357647e-01,  1.33232942e+00]
            ])
        elif index == 8:
            return np.array([
                [ 7.70525767e-01,  3.94376762e-08,  6.37408851e-01, -2.69463082e-15],
                [-2.74887353e-01, -9.02228865e-01,  3.32295078e-01,  6.16459608e-08],
                [ 5.75088677e-01, -4.31257551e-01, -6.95190577e-01,  1.41029519e+00]
            ])
        elif index == 9:
            return np.array([
                [ 5.64321058e-01,  3.93708072e-08, -8.25555415e-01, -3.11434596e-15],
                [ 3.58657217e-01, -9.00699079e-01,  2.45165595e-01,  7.12479228e-08],
                [-7.43576993e-01, -4.34443516e-01, -5.08283471e-01,  1.62996248e+00]
            ])
        elif index == 10:
            return np.array([
                [-8.27813577e-01,  3.82894751e-08,  5.61003281e-01, -2.45274137e-15],
                [-2.70617788e-01, -8.75961084e-01, -3.99322166e-01,  5.61121758e-08],
                [ 4.91417027e-01, -4.82381778e-01,  7.25132489e-01,  1.28369695e+00]
            ])
        elif index == 11:
            return np.array([
                [ 8.36131431e-01,  3.80335477e-08, -5.48529152e-01, -2.25756752e-15],
                [ 2.70350503e-01, -8.70106149e-01,  4.12099374e-01,  5.16471189e-08],
                [-4.77278573e-01, -4.92864372e-01, -7.27523110e-01,  1.18154835e+00]
            ])
        elif index == 12:
            return np.array([
                [-9.98674626e-01,  3.85361991e-08,  5.14683577e-02, -3.11890458e-15],
                [-2.42924331e-02, -8.81605472e-01, -4.71361506e-01,  7.13522119e-08],
                [ 4.53747676e-02, -4.71987067e-01,  8.80437016e-01,  1.63234833e+00]
            ])
        elif index == 13:
            return np.array([
                [ 5.49157232e-01,  3.94809347e-08, -8.35719053e-01, -2.18727745e-15],
                [ 3.58674764e-01, -9.03218503e-01,  2.35687824e-01,  5.00390698e-08],
                [-7.54836902e-01, -4.29181006e-01, -4.96008987e-01,  1.14476048e+00]
            ])
        elif index == 14:
            return np.array([
                [ 8.25900751e-01,  3.92913363e-08,  5.63815528e-01, -2.88597858e-15],
                [-2.47059890e-01, -8.98880998e-01,  3.61903803e-01,  6.60234867e-08],
                [ 5.06803079e-01, -4.38192825e-01, -7.42386481e-01,  1.51044131e+00]
            ])
        elif index == 15:
            return np.array([
                [-9.83004014e-01,  3.81616874e-08,  1.83584064e-01, -2.87989190e-15],
                [-8.95253191e-02, -8.73037644e-01, -4.79364673e-01,  6.58842396e-08],
                [ 1.60275780e-01, -4.87652819e-01,  8.58199512e-01,  1.50725571e+00]
            ])
        elif index == 16:
            return np.array([
                [ 4.62686793e-01,  3.88965654e-08, -8.86521817e-01, -2.93574706e-15],
                [ 4.04478960e-01, -8.89849692e-01,  2.11102575e-01,  6.71620565e-08],
                [-7.88871157e-01, -4.56253796e-01, -4.11721716e-01,  1.53648875e+00]
            ])
        elif index == 17:
            return np.array([
                [-8.87585159e-01,  3.93277458e-08,  4.60643664e-01, -2.36844586e-15],
                [-2.01061788e-01, -8.99713949e-01, -3.87413174e-01,  5.41837193e-08],
                [ 4.14447515e-01, -4.36480022e-01,  7.98572757e-01,  1.23957901e+00]
            ])
        elif index == 18:
            return np.array([
                [-7.25218316e-01,  3.87066218e-08,  6.88518986e-01, -3.02332558e-15],
                [-3.19907428e-01, -8.85504289e-01, -3.36959034e-01,  6.91656194e-08],
                [ 6.09686502e-01, -4.64631202e-01,  6.42183942e-01,  1.58232493e+00]
            ])
        elif index == 19:
            return np.array([
                [-2.91916268e-01,  3.95001345e-08,  9.56443878e-01, -2.76519267e-15],
                [-4.09602260e-01, -9.03657744e-01, -1.25014682e-01,  6.32602274e-08],
                [ 8.64297912e-01, -4.28255393e-01,  2.63792413e-01,  1.44722531e+00]
            ])
        elif index == 20:
            return np.array([
                [ 9.84904498e-01,  3.90523903e-08, -1.73098613e-01, -2.53830569e-15],
                [ 7.77616736e-02, -8.93414549e-01,  4.42451766e-01,  5.80696589e-08],
                [-1.54648802e-01, -4.49233173e-01, -8.79928011e-01,  1.32847894e+00]
            ])
        elif index == 21:
            return np.array([
                [-4.27650159e-01,  3.88394183e-08, -9.03944324e-01, -2.92624336e-15],
                [ 4.14724824e-01, -8.88542318e-01, -1.96203645e-01,  6.69446374e-08],
                [-8.03192793e-01, -4.58794670e-01,  3.79985247e-01,  1.53151478e+00]
            ])
        elif index == 22:
            return np.array([
                [ 9.97723866e-01,  3.89627150e-08,  6.74320920e-02, -2.76478430e-15],
                [-3.05662692e-02, -8.91363018e-01,  4.52258415e-01,  6.32508849e-08],
                [ 6.01064906e-02, -4.53290162e-01, -8.89334155e-01,  1.44701158e+00]
            ])
        elif index == 23:
            return np.array([
                [-3.50051603e-01,  3.81304782e-08, -9.36730418e-01, -2.52192768e-15],
                [ 4.57994525e-01, -8.72323660e-01, -1.71150363e-01,  5.76949738e-08],
                [-8.17132113e-01, -4.88928862e-01,  3.05358278e-01,  1.31990715e+00]
            ])
    else:
        if index == 0:
            return np.array([
                [-8.69171622e-01,  3.78951955e-08, -4.94510557e-01, -2.64713646e-15],
                [ 2.46469346e-01, -8.66941019e-01, -4.33204490e-01,  6.05594166e-08],
                [-4.28711503e-01, -4.98410743e-01,  7.53520523e-01,  1.38543796e+00]
            ])
        elif index == 1:
            return np.array([
                [ 7.18372289e-01,  3.87685234e-08, -6.95658863e-01, -2.70746886e-15],
                [ 3.21340318e-01, -8.86920433e-01,  3.31832105e-01,  6.19396607e-08],
                [-6.16994047e-01, -4.61922230e-01, -6.37139074e-01,  1.41701426e+00]
            ])
        elif index == 2:
            return np.array([
                [-8.89789160e-02,  3.84801861e-08, -9.96033510e-01, -2.74493575e-15],
                [ 4.72491229e-01, -8.80324043e-01, -4.22092137e-02,  6.27968032e-08],
                [-8.76832248e-01, -4.74372827e-01,  7.83302609e-02,  1.43662340e+00]
            ])
        elif index == 3:
            return np.array([
                [ 7.80487579e-01,  3.81884219e-08, -6.25171287e-01, -2.84923879e-15],
                [ 3.04181017e-01, -8.73649258e-01,  3.79751081e-01,  6.51829784e-08],
                [-5.46180416e-01, -4.86556240e-01, -6.81872406e-01,  1.49121272e+00]
            ])
        elif index == 4:
            return np.array([
                [ 9.14131459e-01,  3.92421861e-08,  4.05417901e-01, -3.08480843e-15],
                [-1.78583281e-01, -8.97756571e-01,  4.02667544e-01,  7.05721830e-08],
                [ 3.63966601e-01, -4.40491928e-01, -8.20667518e-01,  1.61450335e+00]
            ])
        elif index == 5:
            return np.array([
                [-9.96904127e-01,  3.78793574e-08, -7.86267254e-02, -2.70521984e-15],
                [ 3.92378847e-02, -8.66578684e-01, -4.97495500e-01,  6.18882092e-08],
                [-6.81362631e-02, -4.99040463e-01,  8.63895865e-01,  1.41583719e+00]
            ])
        elif index == 6:
            return np.array([
                [-9.78889252e-01,  3.84743700e-08,  2.04391371e-01, -2.20969923e-15],
                [-9.70081969e-02, -8.80190988e-01, -4.64600080e-01,  5.05520202e-08],
                [ 1.79903425e-01, -4.74619663e-01,  8.61609502e-01,  1.15649542e+00]
            ])
        elif index == 7:
            return np.array([
                [ 2.07854761e-01,  3.95317240e-08, -9.78159700e-01, -2.85827214e-15],
                [ 4.17407288e-01, -9.04380427e-01,  8.86972306e-02,  6.53896373e-08],
                [-8.84628484e-01, -4.26727129e-01, -1.87979794e-01,  1.49594053e+00]
            ])
        elif index == 8:
            return np.array([
                [ 7.24228644e-01,  3.95618197e-08, -6.89559912e-01, -2.70399581e-15],
                [ 2.93245641e-01, -9.05068936e-01,  3.07988985e-01,  6.18602067e-08],
                [-6.24099243e-01, -4.25264883e-01, -6.55476860e-01,  1.41519657e+00]
            ])
        elif index == 9:
            return np.array([
                [-1.19774338e-01,  3.93680713e-08,  9.92801142e-01, -3.02542097e-15],
                [-4.31444828e-01, -9.00636489e-01, -5.20506889e-02,  6.92135563e-08],
                [ 8.94152933e-01, -4.34573255e-01,  1.07873157e-01,  1.58342160e+00]
            ])
        elif index == 10:
            return np.array([
                [ 4.94761594e-01,  3.95580189e-08,  8.69028748e-01, -2.38159693e-15],
                [-3.69728168e-01, -9.04981983e-01,  2.10496297e-01,  5.44845807e-08],
                [ 7.86455368e-01, -4.25449891e-01, -4.47750314e-01,  1.24646191e+00]
            ])
        elif index == 11:
            return np.array([
                [-7.93871851e-01,  3.88525201e-08,  6.08085096e-01, -2.96069091e-15],
                [-2.78632955e-01, -8.88842053e-01, -3.63762946e-01,  6.77327053e-08],
                [ 5.40491591e-01, -4.58213710e-01,  7.05626697e-01,  1.54954368e+00]
            ])
        elif index == 12:
            return np.array([
                [ 7.79923078e-01,  3.94983637e-08, -6.25875381e-01, -2.78718602e-15],
                [ 2.68088031e-01, -9.03617232e-01,  3.34072905e-01,  6.37633766e-08],
                [-5.65551766e-01, -4.28340867e-01, -7.04751943e-01,  1.45873602e+00]
            ])
        elif index == 13:
            return np.array([
                [-9.98816867e-01,  3.87573279e-08,  4.86298873e-02, -2.96328097e-15],
                [-2.24871590e-02, -8.86664310e-01, -4.61866571e-01,  6.77919590e-08],
                [ 4.31183676e-02, -4.62413670e-01,  8.85615269e-01,  1.55089924e+00]
            ])
        elif index == 14:
            return np.array([
                [ 6.88069761e-01,  3.86473639e-08,  7.25644544e-01, -2.94766952e-15],
                [-3.39025275e-01, -8.84148626e-01,  3.21470169e-01,  6.74348106e-08],
                [ 6.41577639e-01, -4.67205743e-01, -6.08355920e-01,  1.54272864e+00]
            ])
        elif index == 15:
            return np.array([
                [ 8.43612705e-01,  3.86296600e-08,  5.36952143e-01, -3.14935576e-15],
                [-2.51278219e-01, -8.83743608e-01,  3.94786640e-01,  7.20488535e-08],
                [ 4.74528039e-01, -4.67971404e-01, -7.45537326e-01,  1.64828564e+00]
            ])
        elif index == 16:
            return np.array([
                [ 9.51993440e-01,  3.91271085e-08, -3.06118426e-01, -2.59162828e-15],
                [ 1.36472969e-01, -8.95123903e-01,  4.24415277e-01,  5.92895375e-08],
                [-2.74013904e-01, -4.45817450e-01, -8.52152089e-01,  1.35638651e+00]
            ])
        elif index == 17:
            return np.array([
                [ 1.39285942e-01,  3.92115906e-08, -9.90252203e-01, -3.03483513e-15],
                [ 4.37607909e-01, -8.97056629e-01,  6.15525969e-02,  6.94289272e-08],
                [-8.88312301e-01, -4.41915607e-01, -1.24947395e-01,  1.58834871e+00]
            ])
        elif index == 18:
            return np.array([
                [ 9.50645797e-01,  3.94645879e-08, -3.10278213e-01, -2.68097866e-15],
                [ 1.33409473e-01, -9.02844532e-01,  4.08746453e-01,  6.13336357e-08],
                [-2.80132972e-01, -4.29967151e-01, -8.58285365e-01,  1.40315003e+00]
            ])
        elif index == 19:
            return np.array([
                [ 7.64411270e-01,  3.91717894e-08,  6.44728943e-01, -2.94899075e-15],
                [-2.86104351e-01, -8.96146083e-01,  3.39214530e-01,  6.74650369e-08],
                [ 5.77771331e-01, -4.43759166e-01, -6.85024154e-01,  1.54342014e+00]
            ])
        elif index == 20:
            return np.array([
                [ 1.90990203e-01,  3.81417619e-08, -9.81591943e-01, -2.79389144e-15],
                [ 4.79476274e-01, -8.72581800e-01,  9.32925725e-02,  6.39167787e-08],
                [-8.56519261e-01, -4.88468015e-01, -1.66654593e-01,  1.46224545e+00]
            ])
        elif index == 21:
            return np.array([
                [-8.52874485e-01,  3.93603262e-08, -5.22115995e-01, -2.22177788e-15],
                [ 2.27089246e-01, -9.00459302e-01, -3.70949485e-01,  5.08283475e-08],
                [-4.70144219e-01, -4.34940278e-01,  7.67978755e-01,  1.16281705e+00]
            ])
        elif index == 22:
            return np.array([
                [ 2.24103315e-01,  3.89088825e-08, -9.74565392e-01, -2.52002637e-15],
                [ 4.44113164e-01, -8.90131475e-01,  1.02124699e-01,  5.76514769e-08],
                [-8.67491327e-01, -4.55703804e-01, -1.99481432e-01,  1.31891205e+00]
            ])
        elif index == 23:
            return np.array([
                [-6.21896388e-01,  3.89111234e-08, -7.83099536e-01, -3.05605424e-15],
                [ 3.56782987e-01, -8.90182741e-01, -2.83338293e-01,  6.99143637e-08],
                [-6.97101702e-01, -4.55603653e-01,  5.53601417e-01,  1.59945420e+00]
            ])



    

def generate_poses(folder_of_pcds, rotations):

    if not os.path.exists(output_folder):
        os.mkdir(output_folder)

    poses_list ={}
    for filename in os.listdir(folder_of_pcds):
        random_pick = np.random.randint(1,5)
        for index in range(rotations):
            #print("index: ",index)
            #print("name: ",filename)


            camera_mat = generate_camera_mat()
            world_mat = generate_world_mat(index, random_pick)

            poses_list[f'camera_mat_{index}'] = camera_mat
            poses_list[f'world_mat_{index}'] = world_mat
        new_filename = os.path.splitext(filename)[0]
        npz_path = os.path.join(output_folder, f"{new_filename}.npz")
        np.savez(npz_path, **poses_list)
        #print(poses_list)
    return None 

input_folder = 'dataset/pcds/03001627' #Change last section to shape ID
output_folder ='dataset/poses/03001627' #Change last section to shape ID

#print(os.listdir('dataset/pcds'))
generate_poses(input_folder,24)

